%YAML:1.0
---
T: !!opencv-matrix
   rows: 4
   cols: 4
   dt: d
   data: [ 7.0710678118654802e-01, -6.8610268780608297e-01,
       1.7106461289602901e-01, -4.7268892175251001e-02,
       7.0710678118654802e-01, 6.8610268780608297e-01,
       -1.7106461289602901e-01, 4.5694092175250500e-02, 0.,
       2.4192189559966801e-01, 9.7029572627599703e-01,
       1.0532214878068900e-02, 0., 0., 0., 1. ]
latency: 0.
