%YAML:1.0
---
image_width: 1920
image_height: 1080
camera_matrix: !!opencv-matrix
   rows: 3
   cols: 3
   dt: d
   data: [ 1.5043898246431688e+03, 0., 9.8317769048681794e+02, 0.,
       1.5041225458800934e+03, 5.6921514526132125e+02, 0., 0., 1. ]
distortion_coefficients: !!opencv-matrix
   rows: 1
   cols: 5
   dt: d
   data: [ -6.1063010389308482e-02, -3.7723427624048692e-02,
       3.2091775268650235e-03, -2.7416016476046589e-03,
       1.8171274767339199e-01 ]
